1672691572172 0.4946385755668609 0
1672691598973 0.5885905577926416 0
1672691626000 0.6400833253179508 0
1672691652914 0.6682745090903104 0
1672691679876 0.6783283984572338 0
1672691706935 0.679383396113276 0
1672691733803 0.6803545571999365 0
1672691760936 0.6793513345828665 0
1672691787984 0.6926594692863537 0
1672691815040 0.7033231776269442 0
1672691841920 0.7164705714144594 0
1672691869056 0.7187690365336806 0
1672691896021 0.73395537034967 0
1672691923044 0.7426826055799194 0
1672691949969 0.7532453634261125 0
1672691977105 0.7550221787802927 0
1672692004148 0.7665363842045838 0
1672692031159 0.7788770405647683 0
1672692058248 0.7848092902183738 0
1672692085261 0.787170145342716 0
1672692112327 0.7898498827154556 0
1672692139388 0.8044510936014717 0
1672692166385 0.7900847117625088 0
1672692193184 0.805294658462381 0
1672692219781 0.8055968600496867 0
1672692246544 0.8198648909777988 0
1672692273126 0.8275338790725725 0
1672692299423 0.8274762549706204 0
1672692325978 0.8324490416635255 0
1672692352196 0.843620968587499 0
