1672691572172 0.7031601071357727 0
1672691598973 0.6821245551109314 0
1672691626000 0.6718353033065796 0
1672691652914 0.6614105701446533 0
1672691679876 0.6507218480110168 0
1672691706935 0.6383568644523621 0
1672691733803 0.6255931854248047 0
1672691760936 0.6109046936035156 0
1672691787984 0.5981640815734863 0
1672691815040 0.588127613067627 0
1672691841920 0.5792897939682007 0
1672691869056 0.5722993016242981 0
1672691896021 0.5660991668701172 0
1672691923044 0.5584286451339722 0
1672691949969 0.550518274307251 0
1672691977105 0.5418392419815063 0
1672692004148 0.5353600978851318 0
1672692031159 0.5296523571014404 0
1672692058248 0.5256538987159729 0
1672692085261 0.5222227573394775 0
1672692112327 0.5185783505439758 0
1672692139388 0.5096654891967773 0
1672692166385 0.5137179493904114 0
1672692193184 0.503288209438324 0
1672692219781 0.5022520422935486 0
1672692246544 0.49418485164642334 0
1672692273126 0.49011921882629395 0
1672692299423 0.4857978820800781 0
1672692325978 0.4829496145248413 0
1672692352196 0.48006168007850647 0
