1672691572172 0.06166219839142091 0
1672691598973 0.1371757925072046 0
1672691626000 0.11901159858799798 0
1672691652914 0.1345707656612529 0
1672691679876 0.14975677553856845 0
1672691706935 0.14993074792243768 0
1672691733803 0.1526635681086879 0
1672691760936 0.1553651266766021 0
1672691787984 0.1570921985815603 0
1672691815040 0.15659432387312186 0
1672691841920 0.16544502617801046 0
1672691869056 0.16545768566493954 0
1672691896021 0.18885702580909464 0
1672691923044 0.18518518518518517 0
1672691949969 0.1962843295638126 0
1672691977105 0.2049956933677864 0
1672692004148 0.20668058455114824 0
1672692031159 0.2236782647989155 0
1672692058248 0.21267893660531698 0
1672692085261 0.2527646129541864 0
1672692112327 0.21710253217102532 0
1672692139388 0.235663082437276 0
1672692166385 0.27053417576105687 0
1672692193184 0.23883318140382861 0
1672692219781 0.23299692847740236 0
1672692246544 0.2697095435684647 0
1672692273126 0.29411764705882354 0
1672692299423 0.26414166256763405 0
1672692325978 0.2702702702702703 0
1672692352196 0.3073367995378394 0
