1672691572172 0.036741214057507986 0
1672691598973 0.3801916932907348 0
1672691626000 0.7539936102236422 0
1672691652914 0.7412140575079872 0
1672691679876 0.6884984025559105 0
1672691706935 0.6916932907348243 0
1672691733803 0.6821086261980831 0
1672691760936 0.6661341853035144 0
1672691787984 0.707667731629393 0
1672691815040 0.7492012779552716 0
1672691841920 0.7571884984025559 0
1672691869056 0.7651757188498403 0
1672691896021 0.7364217252396166 0
1672691923044 0.7747603833865815 0
1672691949969 0.7763578274760383 0
1672691977105 0.7603833865814696 0
1672692004148 0.7907348242811502 0
1672692031159 0.7907348242811502 0
1672692058248 0.8306709265175719 0
1672692085261 0.7667731629392971 0
1672692112327 0.8354632587859425 0
1672692139388 0.8402555910543131 0
1672692166385 0.7523961661341853 0
1672692193184 0.8370607028753994 0
1672692219781 0.8482428115015974 0
1672692246544 0.8306709265175719 0
1672692273126 0.8226837060702875 0
1672692299423 0.8578274760383386 0
1672692325978 0.8626198083067093 0
1672692352196 0.8498402555910544 0
